40920	8.326976	0.953952	3
14488	7.153469	1.673904	2
26052	1.441871	0.805124	1
75136	13.147394	0.428964	1
38344	1.669788	0.134296	1
72993	10.141740	1.032955	1
35948	6.830792	1.213192	3
42666	13.276369	0.543880	3
67497	8.631577	0.749278	1
35483	12.273169	1.508053	3
50242	3.723498	0.831917	1
63275	8.385879	1.669485	1
5569	4.875435	0.728658	2
6808	1.364838	0.640103	2
41611	0.230453	1.151996	1
36661	11.865402	0.882810	3
43605	0.120460	1.352013	1
15360	8.545204	1.340429	3
63796	5.856649	0.160006	1
10743	9.665618	0.778626	2
70808	9.778763	1.084103	1
72011	4.932976	0.632026	1
5914	2.216246	0.587095	2
14851	14.305636	0.632317	3
33553	12.591889	0.686581	3
44952	3.424649	1.004504	1
17934	0.000000	0.147573	2
27738	8.533823	0.205324	3
29290	9.829528	0.238620	3
42330	11.492186	0.263499	3
36429	3.570968	0.832254	1
39623	1.771228	0.207612	1
32404	3.513921	0.991854	1
27268	4.398172	0.975024	1
5477	4.276823	1.174874	2
14254	5.946014	1.614244	2
68613	13.798970	0.724375	1
41539	10.393591	1.663724	3
7917	3.007577	0.297302	2
21331	1.031938	0.486174	2
8338	4.751212	0.064693	2
5176	3.692269	1.655113	2
18983	10.448091	0.267652	3
68837	10.585786	0.329557	1
13438	1.604501	0.069064	2
48849	3.679497	0.961466	1
12285	3.795146	0.696694	2
7826	2.531885	1.659173	2
38768	5.308409	0.030683	3
4933	1.841792	0.028099	2
32311	2.261978	1.605603	1
26501	11.573696	1.061347	3
37433	8.038764	1.083910	3
23503	10.734007	0.103715	3
68607	9.661909	0.350772	1
27742	9.005850	0.548737	3
11303	0.000000	0.539131	2
0	5.757140	1.062373	2
32729	9.164656	1.624565	3
24619	1.318340	1.436243	1
42414	14.075597	0.695934	3
20210	10.107550	1.308398	3
33225	7.960293	1.219760	3
54483	6.317292	0.018209	1
18475	12.664194	0.595653	3
33926	2.906644	0.581657	1
43865	2.388241	0.913938	1
26547	6.024471	0.486215	3
44404	7.226764	1.255329	3
16674	4.183997	1.275290	2
8123	11.850211	1.096981	3
42747	11.661797	1.167935	3
40409	12.393001	1.571281	3
13605	9.627613	0.935842	2
26400	11.130453	0.597610	3
13491	8.842595	0.349768	3
30232	10.690010	1.456595	3
43253	5.714718	1.674780	3
55536	3.052505	1.335804	1
8807	0.000000	0.059025	2
25783	9.945307	1.287952	3
22812	2.719723	1.142148	1
77826	11.154055	1.608486	1
38172	2.687918	0.660836	1
31676	10.037847	0.962245	3
74038	12.404762	1.112080	1
44738	10.237305	0.633422	3
17410	4.745392	0.662520	2
5688	4.639461	1.569431	2
36642	3.149310	0.639669	1
29956	13.406875	1.639194	3
60350	6.068668	0.881241	1
23758	9.477022	0.899002	3
25780	3.897620	0.560201	2
11342	5.463615	1.203677	2
36109	3.369267	1.575043	1
14292	5.234562	0.825954	2
11160	0.000000	0.722170	2
23762	12.979069	0.504068	3
39567	5.376564	0.557476	1
25647	13.527910	1.586732	3
14814	2.196889	0.784587	2
73590	10.691748	0.007509	1
35187	1.659242	0.447066	1
49459	8.369667	0.656697	3
31657	13.157197	0.143248	3
6259	8.199667	0.908508	2
33101	4.441669	0.439381	3
27107	9.846492	0.644523	3
17824	0.019540	0.977949	2
43536	8.253774	0.748700	3
67705	6.038620	1.509646	1
35283	6.091587	1.694641	3
71308	8.986820	1.225165	1
31054	11.508473	1.624296	3
52387	8.807734	0.713922	3
40328	0.000000	0.816676	1
34844	NaN	1.665414	3
11607	3.178117	0.542752	2
64306	7.013795	0.139909	1
32721	9.605014	0.065254	3
33170	1.230540	1.331674	1
37192	10.412811	0.890803	3
13089	0.000000	0.567161	2
66491	9.699991	0.122011	1
15941	0.000000	0.061191	2
4272	4.455293	0.272135	2
48812	3.020977	1.502803	1
28818	8.099278	0.216317	3
35394	1.157764	1.603217	1
71791	10.105396	0.121067	1
40668	11.230148	0.408603	3
39580	9.070058	0.011379	3
11786	0.566460	0.478837	2
19251	0.000000	0.487300	2
56594	8.956369	1.193484	3
54495	1.523057	0.620528	1
11844	2.749006	0.169855	2
45465	9.235393	0.188350	3
31033	10.555573	0.403927	3
16633	6.956372	1.519308	2
13887	0.636281	1.273984	2
52603	3.574737	0.075163	1